14875
16833
27166
35541
41041
52583
56083
61375
66208
71500
77833
81291
82875
86333
100166
105416
122000
140375
149291
152000
154041
156541
160125
167083
174666
176125
192708
218083
221875
234333
240583
248041
250625
253125
256875
266250
271541
281375
302583
307416
333500
339833
341958
346166
357250
362916
368958
372083
395583
405500
414750
417208
425791
429458
441833
452416
466291
469500
479083
482416
490375
492083
493166
494791
498000
499541
503083
507208
512208
517666
523750
528125
531791
536500
540458
545041
549333
551666
559000
562333
565583
