2208
7625
13750
18375
28000
30208
33250
35625
50791
54083
57875
63166
73708
77125
80750
85416
88125
94208
95791
100125
107666
109125
112416
119166
129250
133416
135000
139000
144875
149375
156583
162041
166500
171333
173708
184750
196125
211041
216875
220583
224000
228000
232583
236416
242375
247625
253708
254375
255416
266375
269541
276875
292750
306500
314041
320916
326541
328125
331333
334375
337125
339000
344750
351208
356750
363083
377375
386791
389125
396291
400750
402375
405125
411500
418208
422541
427625
433250
441125
445875
448875
452291
454666
456750
459166
461541
465541
471500
477541
485250
485833
